8926635
8124280
8536204
7752091
7818462
8716738
8912961
8775115
8977322
8106397
11562923
8517794
8761569
8150497
8977925
7886762
8435710
5412147
9015797
8747420
8834561
9015806
9039203
7795635
8449137
8009997
7752092
5355189
7818455
5605415
7793185
7752100
9080169
8506299
8959591
9947774
8519487
8493089
8747425
8449134
8449142
8154695
8010004
8536202
8419333
8545981
8983781
8724945
9648075
8554825
9888479
8154706
7886753
8912952
9403082
7860264
8720588
8977920
8977911
9962823
7984625
8730002
8567180
7793183
7905112
9015802
8716743
9039207
8730004
8089239
8569336
8449136
8554833
8039098
8493100
8493091
8937963
8977927
8132202
8510811
9648069
8716740
9034848
7837346
8154693
8772559
8039094
9403084
9015804
8554838
8729994
9080168
8983771
7816912
7796010
7752096
8977321
7789758
8419336
9015792
8410307
8729992
8009998
8419320
8761573
7818460
8977326
8977917
8834565
9962830
5410311
8495047
7795637
8841205
8124293
8925236
8772563
8154691
8578414
8977921
8926627
9648064
9962818
8148985
8718582
8124286
7819332
9015795
8716739
8435726
8150489
8545983
8410314
9947802
9947800
9403083
8419325
7803792
9641301
8983773
9403080
5514861
7981765
8554843
8536192
9963417
7905549
8449135
7752085
8718587
9319563
7803601
8124284
8714550
8705319
8124250
8019274
8449785
8747677
8729991
7886744
8554824
9641296
7793173
5355177
8718589
8554831
7789755
7860256
7795694
8912954
8150486
7793175
7796013
7818464
8449126
8545973
8729990
8150491
8772565
7886006
8009994
9963410
8549562
8729999
9039212
8009995
7886749
8150484
8554832
8834548
8449139
8983780
7860257
9995166
9901803
7860269
8018949
8978843
7795634
7752090
9888477
7793184
9039679
8718588
9641297
11521738
8150498
8435721
9962824
8730001
8926633
7793172
7795633
8449133
8493085
9641298
8923356
8456179
8923355
8755556
10528123
7818454
9947787
8923354
8493084
8010000
9902398
9947779
8148991
9044969
5449243
9888476
11521466
9359014
9041036
5410301
7789760
7803795
7803784
8867399
7752099
8419334
7752098
7789756
8772561
8977332
8716744
8124282
8912962
8449141
8493098
7789759
8977314
8505028
9960121
9015796
7886748
5468660
5429660
7886752
8419332
8977922
9319568
9947785
8456178
8009991
8493093
9080167
11521713
7818453
8903887
8554104
8716742
8545977
8578420
8977325
8522343
8926634
8521109
7860275
8506309
8154707
8419326
8150493
8772560
9995062
9648076
8486777
8124279
8564105
5485450
8977910
9950218
8912958
9641294
8124290
8124288
8834563
8977330
9027958
8724680
8419337
5482243
8977916
7905553
9648063
5410313
9030154
9648079
7796011
8545982
8150494
8545972
8841199
9039680
8545989
8871415
8545985
8923359
8923358
7796012
8761571
9963363
8545978
8493083
9027911
8755559
9080156
7920765
7851917
8493090
8449138
8150481
7816908
8456177
8522346
8536201
5453483
8419331
8519017
8009993
8010743
8983783
9962817
9837214
9888474
8925215
8977924
8926638
8493087
9015793
8977912
7781254
8926621
8716745
9995125
7790305
7886759
9041570
8582417
8977319
9034353
8148979
8912957
5411174
9857106
7860263
9027959
8124283
7886754
9950144
8154702
8154696
8545979
9015799
8419335
8010001
8150495
8761572
9995167
8977328
8926625
7793182
8729998
7796014
7860261
8125992
8009996
7752088
7984627
6494437
8926631
8977316
8977915
8937958
8983776
8925208
5449235
8959592
8747423
8978844
7819450
7818463
7818459
9080157
8154701
8926629
8926626
8925242
8545975
8705317
9963044
9641295
8009989
7860271
8926624
7816910
8009987
8482539
8925240
7992911
7886757
8124246
8554828
8912953
8010738
8867401
8154704
7793181
8977317
7752087
7886760
7886015
7803602
7816909
8747414
9962831
9962814
8983785
11574311
9641305
7920760
8926630
9962987
9350263
8124247
9648067
8488177
8124249
7763662
8545976
9015794
8983772
8132216
8419319
7885954
8977331
9857127
8496278
8834556
5410306
8841194
8983786
8150488
5457455
8730000
7886010
8154690
11563018
7796009
8521847
8449128
7793186
9963004
8716737
9648068
8493086
7777032
8124281
8925239
8718583
9947782
8554830
8926622
8154699
7860270
8009990
8926620
9962622
8419329
9837228
7729787
8522347
5482247
9015791
9641300
8977928
8150485
7930192
9963006
8488400
8124291
8570662
9030192
8039097
5453614
8937959
8419318
8554837
8124285
8925232
30866
8124289
8419327
9031405
9403085
7818457
10917675
7886022
7886011
7793170
8419324
9648077
