9949760
5482250
5457468
8755593
9050533
10551361
7819636
9960927
8516158
8516176
11521472
8021279
8577808
9837224
7770844
7803797
8132212
7941604
7777042
8508334
5486049
5468659
8510096
5486055
9403081
9962799
8747416
11562932
7819638
8755747
9030199
9963010
8718586
9962837
8554835
9962804
9032222
11521715
8834560
9050523
5468648
10528126
9105362
8449130
9032461
9963202
5625123
8747683
9962777
8508787
9963277
7725791
7992901
7992900
9837219
9947801
8507217
7930199
7821343
9039206
8523678
10528124
8801432
9949818
10917681
7806819
8449129
9962797
7818461
9962968
8569286
5588946
9901935
7805437
8493095
7761840
9949777
8714559
8496271
8148983
7782182
8570334
8495397
8755751
7910317
8548742
7762105
9962613
9030034
8983777
7212016
7984630
7992913
8150483
7752094
8018937
9962834
9950099
9359008
8456176
9950219
8834547
8507261
7821120
5449241
8755558
7984619
9035405
8486776
9403088
9962798
8488249
9960916
11562918
8545988
8977320
7770843
7757715
5485454
9034699
9963301
7984635
8091322
8508538
8801429
8903890
7813259
7984623
9050530
9960117
9962768
8089245
7851918
7805358
8132209
8435729
9962988
8016916
9995173
9947794
8705037
7981764
8419321
9032305
7916318
9350269
8084677
7819640
8505026
7797862
7795646
5625122
8548012
8549581
8486835
8550357
8522351
8554826
8747412
9857096
9034849
5625124
8521308
7905558
11521796
8983770
8488799
9962615
8775112
8834557
7905111
9963152
5468655
8039096
5486053
8520504
9359017
8903888
7916327
8761581
5588954
8747418
7821692
8841193
8018950
5457522
334707
8842268
8548277
8435725
9403079
8091314
7780876
7860267
9030156
8518512
8506721
9962780
8554841
8729995
8832643
8926619
9039691
9403073
7920770
8148989
8510799
9963295
7821274
7211999
8488710
8456180
7992902
7860259
8730003
8519015
9888473
5625121
8755562
5605420
8545971
5588944
9039672
9032225
9857097
7984617
5468658
8554834
9403078
5453689
10551359
8488706
7984620
8508581
7819330
8494387
9027897
8548262
5482246
8523734
8016918
8410305
7941599
9960925
8488414
8775111
8867368
9359011
8705310
8522348
7795638
8536194
8755596
8419330
8435722
8132204
8496272
8494388
7905547
9041571
5457520
8522338
9039674
9995073
7790346
5453624
8010740
8124292
5355188
7819452
8834555
10528113
9050535
9963274
8084690
8977324
8518702
8148994
9039681
9950217
9015803
7860258
5486051
8536200
8832645
9891649
5410305
9901921
5412149
9034703
9403087
9837232
7819329
8772558
7783204
9963204
8016929
8554839
11562907
5482241
9962802
7992908
8577801
8597499
9901799
8567833
5485464
10551363
5491174
8449125
8125996
8747422
8548759
8506308
8009992
9027912
7860273
8521884
5625125
9962624
8508798
8154700
9648062
9031400
8039083
9857133
8510809
9947786
8126001
10528128
9901931
9350267
7794240
8132207
9963063
8597497
8010005
7752095
7916322
9963422
8148995
7793176
5453695
8126004
7790212
8577809
11555439
7821450
8834552
8775110
5485451
7789949
8494334
9044980
8412352
7794237
11562930
9359012
8129492
10551374
5449250
9039211
8775113
9031403
9041834
7777044
8522352
9901800
9044979
8910109
7886016
9044982
9648074
7819335
8448540
8154692
8834562
11576100
8925245
9035969
10551370
7886758
5625128
7885953
8937961
8495070
8523681
8516746
7790815
9648078
9962784
9641302
7920769
9034708
8755753
8435717
7781039
9080161
7886012
8523733
7819637
8517797
5429975
9888478
7860272
8925243
9947777
7825208
7886021
8554110
5449237
8977318
8508335
9998896
8983775
5354830
7851931
8903895
8983779
8578417
7905554
8449132
10551375
7794349
8506314
8549583
7805240
8106405
7819444
5453479
8841201
5486066
9949817
9034352
5588939
9962800
7905115
9036004
8448566
9857143
7816907
8435713
7825254
8834553
7809995
5410314
8705055
9032462
7813358
8139274
10528117
7916330
9901917
5453652
7757727
7821125
11521800
7819454
9319565
8419322
5411170
7905565
8506302
9050519
9403077
8705313
7797874
8520806
7777085
7886763
7770855
11521729
9901804
8926628
7910314
7984626
7797876
8772564
5453632
8536193
8747675
8018942
8139273
8548023
9962805
8977923
9029510
8154689
7789762
8132213
9995126
7806464
8910098
8834549
8495049
8039084
8493099
8519018
8548713
8925235
9350275
11563035
7770847
8106395
7725792
8132201
8554121
9963278
7757721
5486054
8977909
7798306
9962616
8904172
5453476
8545901
7984622
7818107
10917677
7797860
5486056
7905552
8842262
7825207
9963012
8493094
8494364
7851926
9962980
5453481
8508794
9962986
7916331
8523677
7819628
9039145
7757729
8577797
8519035
5429882
7790585
7819642
8009999
10917682
7800515
8488255
8488773
5449234
8010742
9962876
5468667
11521470
8841198
11562936
7819331
5449249
9857130
5410300
7860265
8488247
7819260
8493081
8925210
8705040
9962769
9648070
8554842
8834551
8977323
9030193
5411179
9359006
9041479
7777156
8506307
8718585
9039677
11555557
8449140
8084681
8912956
5412150
5485466
8132210
8903884
5453745
7761837
7789761
7837348
7886751
10528111
8154694
7916320
7821446
5491177
8597498
9950177
7851923
7725803
5588948
7789763
9960921
8495036
8801431
8150487
9901922
5411183
8747679
9080164
8834564
11562948
8554836
9995123
9901934
10528127
8554116
9962771
9080155
7797936
8562806
7776984
7796433
8139271
8521398
9648072
9015801
7860274
8555304
5449246
9350265
5489897
7992903
9949775
8494330
7818431
9044970
9032458
8449131
9031608
7825253
9995124
336248
9962983
8449525
9962788
8834550
8873205
8834566
9962793
7816911
