10078716
10079387
10086284
10528116
10528118
10528120
10528125
10551357
10551362
10551364
10551365
10917673
10917676
10917678
10917683
10917684
11521461
11521462
11521465
11521731
11521737
11521743
11521745
11521746
11521748
11521749
11521797
11521805
11555769
11555935
11562833
11562906
11562912
11562924
11562925
11562928
11562947
11563019
11576068
279982
30867
30868
333762
5355178
5361648
5410302
5410307
5410309
5410316
5410317
5411173
5411177
5411180
5411188
5412139
5412141
5412143
5412148
5412154
5427066
5429269
5429883
5429884
5429887
5429917
5430127
5430871
5449233
5449240
5449247
5449248
5449251
5449252
5453468
5453472
5453473
5453475
5453477
5453478
5453486
5453668
5453720
5453737
5453743
5453761
5453773
5453789
5468649
5468653
5468654
5468656
5468662
5468666
5482253
5482258
5485460
5486050
5486052
5486058
5486062
5486063
5491170
5491171
5491179
5491184
5491186
5491187
5514860
5568448
5588949
5588955
5605408
5605409
5605412
5605414
5605423
5605425
5625108
5625119
5625126
5625127
6494483
671014
7212000
7212002
7212004
7212006
7212008
7212017
7212018
7725796
7725797
7725799
7729786
7729788
7752086
7752089
7752093
7752097
7757725
7761810
7761835
7761843
7761848
7762113
7770839
7770853
7775498
7775500
7775502
7776986
7777041
7777079
7777080
7777086
7777172
7777174
7777175
7780018
7780212
7780261
7780335
7781005
7781036
7781307
7782197
7782204
7782365
7782367
7782370
7782375
7782378
7783199
7783202
7783206
7783207
7783209
7789757
7789943
7789950
7789982
7789983
7790174
7790179
7790214
7790306
7790307
7790414
7790447
7790448
7790450
7790471
7790594
7790670
7790672
7790786
7793168
7793169
7793171
7793174
7793177
7793178
7793179
7793180
7793187
7794253
7794312
7795558
7795560
7795636
7795639
7795656
7795686
7795695
7795697
7795699
7795831
7796418
7796435
7797859
7797863
7797864
7797865
7797866
7797867
7797868
7797872
7800591
7803788
7803791
7803794
7805438
7806500
7806627
7806810
7807061
7807654
7808546
7809956
7812821
7812877
7813350
7814495
7814606
7816906
7818189
7818267
7818451
7818452
7818456
7818458
7818507
7818544
7818845
7819224
7819337
7819338
7819339
7819361
7819449
7819451
7819460
7819461
7819611
7819626
7819630
7819639
7819644
7821122
7821254
7821289
7821293
7821300
7821304
7821451
7821455
7821686
7821690
7824670
7824691
7824692
7825212
7825256
7851919
7851920
7851925
7851927
7851929
7860260
7860262
7860266
7860268
7886005
7886007
7886008
7886009
7886013
7886014
7886017
7886018
7886019
7886020
7886745
7886746
7886747
7886750
7886755
7886756
7886761
7905098
7905099
7905100
7905110
7905113
7905559
7905560
7905561
7905564
7910310
7910311
7910313
7910315
7916319
7916324
7916329
7916335
7920759
7920761
7920763
7920764
7920767
7920771
7930191
7930194
7930195
7930197
7930200
7941591
7941592
7941593
7941594
7941596
7941605
7981763
7981767
7981772
7984618
7984628
7984631
7984634
7992613
7992669
7992906
7992909
7992910
7992916
8009988
8010002
8010003
8010006
8010732
8010733
8010737
8010739
8010741
8010744
8016915
8016921
8016924
8016930
8016932
8016933
8018939
8018941
8018945
8018951
8019269
8019276
8019277
8019282
8019285
8020733
8020734
8021278
8021280
8039082
8039089
8039099
8084678
8084694
8088484
8089242
8089243
8089246
8091315
8106390
8106391
8106398
8106404
8124244
8124245
8124248
8124251
8124287
8124294
8125986
8125994
8125995
8125999
8129493
8129497
8129499
8132197
8132199
8132200
8132203
8132205
8132206
8135683
8139276
8148981
8148982
8148984
8148986
8148992
8148996
8150482
8150490
8150492
8150496
8154688
8154697
8154698
8154703
8154705
8410304
8410312
8410313
8410317
8412351
8419323
8419328
8435712
8435718
8435719
8435723
8447342
8448534
8448535
8448593
8449124
8449127
8449143
8449816
8449866
8484402
8486162
8486713
8486834
8486837
8487058
8487061
8487064
8488168
8488174
8488178
8488244
8488245
8488246
8488253
8488394
8488399
8488403
8488404
8488405
8488406
8488411
8488415
8488421
8488425
8488426
8488672
8488705
8488708
8488709
8488753
8488775
8488797
8488798
8488804
8488806
8488866
8488867
8493082
8493088
8493092
8493096
8493097
8494337
8494366
8494368
8494369
8494370
8495050
8495506
8495696
8496268
8496273
8496274
8496286
8506303
8506305
8506306
8506310
8506316
8506318
8506782
8506783
8507100
8507284
8507568
8508357
8508537
8508782
8508788
8508789
8508792
8508796
8508799
8508801
8510095
8510806
8510877
8510895
8516053
8516156
8516978
8517288
8517798
8517800
8517803
8517807
8517809
8517811
8517812
8517835
8518621
8519016
8519488
8519489
8520503
8521111
8521115
8521116
8521236
8521299
8521314
8521315
8521402
8523465
8523486
8523497
8523524
8523751
8523814
8523835
8536191
8536195
8536196
8536197
8536198
8536199
8536203
8545897
8545902
8545970
8545974
8545980
8545984
8545986
8545987
8548014
8548018
8548019
8548020
8548232
8548257
8548258
8548259
8548264
8548266
8548271
8548273
8548659
8548667
8548747
8548760
8548879
8549568
8549577
8549579
8549584
8550359
8554111
8554114
8554117
8554122
8554123
8554827
8554829
8554840
8562746
8562804
8566676
8567339
8567340
8567468
8570323
8570326
8570337
8570338
8570340
8570661
8577807
8578416
8578418
8578422
8597492
8597493
8597500
8705039
8705045
8705050
8705052
8705053
8705054
8705311
8705316
8705320
8705325
8705326
8714552
8714556
8714557
8714562
8714565
8714566
8716741
8718584
8718590
8720587
8729989
8729993
8729996
8729997
8730005
8747407
8747408
8747409
8747415
8747417
8747426
8747665
8747667
8747668
8747670
8747681
8747682
8755557
8755569
8755598
8755749
8755754
8755755
8755757
8755758
8761575
8772562
8778514
8801427
8832636
8832653
8834554
8834558
8834559
8841200
8841204
8842270
8842271
8842273
8842274
8842280
8867400
8867402
8872450
8873209
8900165
8900168
8900169
8900170
8900171
8900172
8900173
8900176
8903885
8903894
8903896
8903899
8903900
8910102
8910103
8910115
8912955
8912959
8912960
8912963
8913751
8913753
8913762
8913763
8913768
8913769
8923357
8925218
8925220
8925223
8925233
8925234
8925237
8925238
8925241
8925244
8925246
8925247
8926623
8926632
8926636
8926637
8937960
8937962
8969320
8977315
8977327
8977329
8977333
8977913
8977914
8977918
8977919
8977926
8977930
8977932
8983767
8983768
8983769
8983774
8983778
8983782
8983784
9015798
9015800
9015805
9027898
9027910
9027924
9029509
9029511
9029515
9030037
9030157
9030162
9030165
9030166
9030191
9031399
9031402
9031600
9031607
9031609
9031610
9031615
9032218
9032219
9032227
9032228
9032308
9032312
9032440
9032444
9032450
9032451
9032459
9034356
9034706
9034847
9034850
9035312
9035613
9035968
9035998
9036005
9036015
9038519
9039210
9039215
9039675
9039678
9039687
9039945
9041094
9041095
9041096
9041104
9041105
9041107
9041578
9041579
9041581
9041582
9041811
9042913
9044966
9044971
9044972
9044973
9044978
9050522
9050527
9050593
9070211
9080158
9080159
9080163
9080166
9080174
9105350
9105355
9105361
9319559
9319560
9319567
9350261
9350262
9350272
9350274
9350276
9350277
9359005
9359010
9359015
9359020
9359021
9403074
9403075
9403076
9403086
9641299
9641303
9641304
9648060
9648061
9648065
9648066
9648071
9648073
9837215
9837217
9837220
9837221
9837222
9837223
9837227
9837231
9857098
9857121
9857122
9857125
9857129
9857137
9857140
9857141
9857145
9857148
9888472
9888475
9891647
9901805
9901925
9901926
9901929
9901930
9901938
9901940
9947767
9947768
9947769
9947775
9947780
9947788
9947799
9949758
9949759
9949761
9949766
9949767
9950213
9950215
9950220
9960113
9960116
9960218
9960926
9960928
9960929
9962610
9962618
9962619
9962621
9962623
9962781
9962789
9962790
9962792
9962796
9962806
9962807
9962813
9962815
9962822
9962828
9962832
9962835
9962872
9962875
9962969
9962979
9962985
9963008
9963009
9963015
9963026
9963027
9963029
9963049
9963062
9963149
9963151
9963154
9963273
9963276
9963281
9963288
9963290
9963357
9963362
9963409
9963415
9963418
9963420
9995060
9995064
9995148
9995149
9995151
9995153
9995168
9998929
